====================================================================================================
오차 분포 분해 — stage 3
====================================================================================================

rel = ‖v(ℓ_j)−v*_j‖/‖v*_j‖   cos = 방향 일치   mag = ‖v‖/‖v*‖ 크기비

----------------------------------------------------------------------------------------------------
    arm task     rel     p50     p90     cos     mag              t0              t1              t2              t3
                                                             rel/cos         rel/cos         rel/cos         rel/cos
----------------------------------------------------------------------------------------------------
     ER    0   0.360   0.290   0.747   0.905   0.993   0.217   0.967   0.251   0.956   0.423   0.898   0.680   0.736
     ER    1   0.328   0.246   0.709   0.916   0.983   0.163   0.980   0.215   0.966   0.278   0.954   0.556   0.815
     ER    2   0.250   0.205   0.471   0.955   1.005   0.124   0.987   0.213   0.963   0.246   0.960   0.410   0.909
     ER    3   0.148   0.103   0.331   0.982   0.986   0.070   0.997   0.093   0.994   0.138   0.986   0.285   0.950
 seq-FT    0   0.568   0.470   1.001   0.811   1.001   0.346   0.928   0.429   0.894   0.664   0.781   1.021   0.531
 seq-FT    1   0.623   0.522   1.062   0.783   1.023   0.310   0.948   0.453   0.888   0.710   0.761   0.954   0.584
 seq-FT    2   0.430   0.385   0.712   0.895   1.034   0.217   0.969   0.333   0.932   0.478   0.885   0.661   0.795
 seq-FT    3   0.135   0.087   0.311   0.984   0.989   0.059   0.998   0.086   0.994   0.127   0.987   0.263   0.957
   B2λ3    0   0.274   0.225   0.555   0.943   0.949   0.171   0.980   0.203   0.973   0.277   0.956   0.542   0.821
   B2λ3    1   0.305   0.253   0.640   0.929   0.934   0.153   0.984   0.213   0.973   0.261   0.961   0.499   0.844
   B2λ3    2   0.238   0.211   0.399   0.963   0.980   0.132   0.989   0.212   0.968   0.235   0.967   0.360   0.930
   B2λ3    3   0.167   0.125   0.343   0.979   0.983   0.085   0.996   0.112   0.992   0.155   0.985   0.313   0.943
     B8    0   0.356   0.317   0.645   0.909   0.933   0.225   0.968   0.279   0.948   0.379   0.918   0.654   0.746
     B8    1   0.359   0.303   0.725   0.905   0.919   0.177   0.979   0.262   0.960   0.315   0.941   0.576   0.796
     B8    2   0.246   0.204   0.423   0.959   0.983   0.125   0.990   0.211   0.967   0.249   0.963   0.384   0.919
     B8    3   0.143   0.096   0.311   0.983   0.986   0.065   0.998   0.087   0.995   0.135   0.986   0.280   0.953
     B1    0   0.355   0.310   0.656   0.909   0.930   0.223   0.969   0.276   0.949   0.375   0.921   0.660   0.739
     B1    1   0.351   0.296   0.731   0.907   0.922   0.167   0.982   0.250   0.963   0.300   0.947   0.576   0.795
     B1    2   0.247   0.206   0.446   0.958   0.985   0.127   0.990   0.212   0.966   0.245   0.963   0.392   0.914
     B1    3   0.141   0.094   0.309   0.983   0.986   0.062   0.998   0.085   0.995   0.134   0.986   0.275   0.954

t 구간: t0=[0.00,0.25)  t1=[0.25,0.50)  t2=[0.50,0.75)  t3=[0.75,1.01)