==========================================================================
ER 20000 steps/task — 같은 체크포인트, 롤아웃 시드만 바꿔 재측정
==========================================================================

가중치 outputs/ER_20k/libero_spatial/seed42 고정. seed 42 행이 원래 측정값.

--------------------------------------------------------------------------
seed 42   AvgSR 78.8   BWT -21.7
--------------------------------------------------------------------------
after\task       0      1      2      3
         0     100
         1      75     85
         2      55     70     95
         3      60     65     90    100

--------------------------------------------------------------------------
seed 43   AvgSR 76.2   BWT -26.7
--------------------------------------------------------------------------
after\task       0      1      2      3
         0     100
         1      95     90
         2      50     75     95
         3      40     65    100    100

--------------------------------------------------------------------------
seed 44   AvgSR 70.0   BWT -35.0
--------------------------------------------------------------------------
after\task       0      1      2      3
         0     100
         1      85     90
         2      45     90    100
         3      35     65     85     95

--------------------------------------------------------------------------
seed 45   AvgSR 70.0   BWT -38.3
--------------------------------------------------------------------------
after\task       0      1      2      3
         0     100
         1      80    100
         2      55     85    100
         3      55     45     85     95

==========================================================================
칸별 요약
==========================================================================

 stage  task     s42     s43     s44     s45       평균      표준편차
     0     0     100     100     100     100    100.0       0.0
     1     0      75      95      85      80     83.8       8.5
     1     1      85      90      90     100     91.2       6.3
     2     0      55      50      45      55     51.2       4.8
     2     1      70      75      90      85     80.0       9.1
     2     2      95      95     100     100     97.5       2.9
     3     0      60      40      35      55     47.5      11.9
     3     1      65      65      65      45     60.0      10.0
     3     2      90     100      85      85     90.0       7.1
     3     3     100     100      95      95     97.5       2.9

--------------------------------------------------------------------------
최종 행(stage 3)
--------------------------------------------------------------------------
           task0     task1     task2     task3
평균        47.5      60.0      90.0      97.5
표준편차      11.9      10.0       7.1       2.9