==============================================================================
ER  libero_40  SR matrix — seed 42
==============================================================================

칸        820/820  (하삼각 완성)
롤아웃/칸  20   총 16400 롤아웃
측정      시뮬레이터 롤아웃 성공률 (eval.py, --env.type=libero)
시드      에피소드 시드 42~61, 학습 시드는 42 하나

ACC (최종 스테이지 평균 SR)   55.8
BWT (최종 - 습득, 평균)       -33.7
습득 (대각 평균)              88.6

------------------------------------------------------------------------------
블록별 분해  (학습 순서: libero_10 -> goal -> spatial -> object)
------------------------------------------------------------------------------
블록                태스크    최종    습득    망각
libero_10              0-9    27.5    75.0   -47.5
libero_goal          10-19    59.5    88.0   -28.5
libero_spatial       20-29    63.0    95.0   -32.0
libero_object        30-39    73.0    96.5   -23.5

주의: 칸당 20 롤아웃이라 이항 표준오차가 최대 +-11%p다.
      개별 칸이 아니라 행/블록 평균으로 읽어야 한다.

------------------------------------------------------------------------------
SR matrix   행 = 스테이지 k 체크포인트, 열 = 태스크 j, 값 = 성공률(%)
------------------------------------------------------------------------------
LIBERO_40	0	1	2	3	4	5	6	7	8	9	10	11	12	13	14	15	16	17	18	19	20	21	22	23	24	25	26	27	28	29	30	31	32	33	34	35	36	37	38	39
0	60
1	25	80
2	25	65	85
3	15	70	75	90
4	35	80	80	70	75
5	25	40	65	55	55	85
6	10	35	80	45	40	70	70
7	25	95	90	60	40	70	20	65
8	25	60	65	60	25	75	25	45	60
9	0	65	40	60	25	80	20	30	30	80
10	15	65	90	65	25	70	20	35	15	50	100
11	15	55	65	70	30	75	20	25	15	65	95	90
12	25	55	80	55	30	60	20	20	10	45	80	45	65
13	15	70	85	50	40	75	25	25	15	60	80	65	70	90
14	30	45	85	55	25	65	10	15	5	55	90	80	70	60	95
15	20	65	40	30	20	60	45	20	15	60	75	75	85	35	80	95
16	35	55	65	50	25	60	25	15	10	55	80	50	70	15	85	80	80
17	25	45	55	60	25	75	25	20	25	40	85	10	60	35	65	50	75	100
18	25	45	50	70	30	80	5	20	10	55	70	35	80	15	55	75	15	90	95
19	20	40	60	45	30	70	45	5	5	55	80	55	90	25	85	45	15	70	75	70
20	20	30	65	55	35	70	20	15	5	50	80	55	55	45	75	65	50	95	95	65	100
21	10	45	70	65	25	80	20	15	0	35	70	40	55	35	85	40	40	75	65	50	70	90
22	20	45	70	40	25	50	20	10	10	30	95	60	80	50	85	65	45	90	90	40	40	30	100
23	20	45	65	65	15	60	15	20	15	30	70	50	65	30	85	40	55	95	70	35	40	5	90	100
24	15	45	60	45	25	45	0	15	5	30	80	50	75	40	75	40	50	80	80	45	50	10	90	95	100
25	25	60	60	50	10	55	15	20	0	30	95	40	70	55	85	65	45	60	85	40	85	20	70	70	60	95
26	30	65	50	60	5	45	10	10	0	40	95	40	70	45	75	65	35	60	65	25	60	15	50	65	80	65	85
27	15	85	65	65	30	70	15	20	10	35	80	50	85	35	80	25	45	70	70	25	65	30	65	50	50	50	80	95
28	10	65	50	55	15	55	15	15	5	20	85	55	70	45	85	55	55	60	90	40	40	45	85	70	55	45	60	65	95
29	25	50	45	65	20	45	10	20	15	35	85	45	85	50	85	65	60	55	75	40	75	55	75	95	50	45	85	60	75	90
30	20	60	50	45	10	45	10	5	5	35	75	80	80	70	80	75	35	60	80	35	95	45	90	85	70	55	55	40	90	40	95
31	35	35	45	75	15	60	10	15	20	60	80	85	85	80	70	50	40	50	85	25	70	30	65	85	70	80	65	55	60	35	70	95
32	15	50	65	60	20	40	15	10	15	35	80	60	75	75	75	40	50	30	75	25	85	65	60	65	55	65	65	60	50	35	55	85	100
33	10	40	80	50	20	50	5	5	5	15	75	60	65	50	75	50	35	40	80	25	70	50	60	95	50	80	80	75	45	55	65	100	95	95
34	15	70	60	50	20	45	5	15	0	25	90	35	75	60	75	40	40	45	90	25	65	65	40	95	40	55	70	70	40	30	90	75	50	70	95
35	20	65	70	50	20	25	10	25	5	35	80	60	85	65	75	50	45	55	80	25	80	50	65	80	60	60	85	85	40	25	75	85	65	45	100	95
36	25	40	65	35	5	30	10	20	0	50	70	75	75	85	75	55	50	35	85	45	90	60	70	90	70	45	75	65	40	40	75	55	60	60	90	50	95
37	5	40	70	30	5	45	10	15	10	45	55	55	60	70	80	55	55	40	85	30	75	55	75	90	60	70	65	70	50	45	85	50	60	40	95	55	90	100
38	25	35	45	30	10	30	5	30	5	30	90	60	85	55	75	60	45	50	85	35	90	55	70	95	25	50	65	85	40	50	55	35	40	35	80	60	95	65	100
39	15	40	70	40	20	25	10	20	10	25	70	50	85	65	65	40	60	45	85	30	65	85	65	90	65	30	65	75	40	50	75	40	65	55	85	60	90	70	95	95

------------------------------------------------------------------------------
스테이지별 평균 SR  (본 태스크들만 평균 = avg_seen)
------------------------------------------------------------------------------
stage     본 태스크   평균 SR
0                 1      60.0
1                 2      52.5
2                 3      58.3
3                 4      62.5
4                 5      68.0
5                 6      54.2
6                 7      50.0
7                 8      58.1
8                 9      48.9
9                10      43.0
10               11      50.0
11               12      51.7
12               13      45.4
13               14      54.6
14               15      52.3
15               16      51.2
16               17      50.3
17               18      48.6
18               19      48.4
19               20      49.2
20               21      54.5
21               22      49.1
22               23      51.7
23               24      49.2
24               25      49.8
25               26      52.5
26               27      48.5
27               28      52.1
28               29      51.9
29               30      56.0
30               31      55.3
31               32      56.2
32               33      53.2
33               34      54.4
34               35      52.3
35               36      56.7
36               37      55.7
37               38      55.0
38               39      53.2
39               40      55.8
