==============================================================================
CL SR 리포트 — LIBERO / seed 42
==============================================================================

행 = 스테이지 k 체크포인트, 열 = 태스크 j, 값 = 성공률(%). 하삼각.
모든 값은 시뮬레이터 롤아웃 성공률이다 (오프라인 지표 아님).

  ACC  최종 스테이지에서 전 태스크 평균 SR
  BWT  최종 SR - 습득 직후 SR 의 평균 (음수 = 망각)
  습득  대각 평균. 각 태스크를 막 배웠을 때의 SR

출처  sweep    = 평가 스크립트 산출 eval_info.json
      trainlog = 학습 스크립트가 스테이지 끝에 돌린 평가 (같은 롤아웃 함수)

------------------------------------------------------------------------------
요약
------------------------------------------------------------------------------
방법   스위트                  칸  롤아웃/칸     ACC     BWT    습득  출처
ER     libero_10            55/55        100    43.5   -32.2    72.5  sweep
ER     libero_goal          55/55        100    57.8   -41.0    94.7  sweep
ER     libero_spatial       55/55        100    68.4   -27.4    93.1  sweep
ER     libero_object        55/55        100    80.4   -16.0    94.8  sweep
ER     libero_40          820/820         20    55.8   -33.7    88.6  sweep
CLARE  libero_10            55/55        100    62.5    -1.3    63.7  trainlog
CLARE  libero_goal          55/55        100    87.6    +1.0    86.7  trainlog
CLARE  libero_spatial       55/55        100    81.0    -1.0    81.9  trainlog
CLARE  libero_object        55/55        100    80.8    +2.4    78.6  sweep
CLARE  libero_40          820/820         20    77.5    -1.2    78.6  sweep

주의: libero_40은 칸당 20 롤아웃이라 이항 표준오차가 최대 +-11%p다.
      개별 칸이 아니라 행/블록 평균으로 읽어야 한다.
      단일 스위트 4종은 칸당 100 롤아웃, 표준오차 최대 +-5%p.
      학습 시드는 42 하나뿐이다. 방법 간 수%p 차이는 시드 반복 없이 단정할 수 없다.

------------------------------------------------------------------------------
ER libero_40 — 블록별 분해 (학습 순서: 10 -> goal -> spatial -> object)
------------------------------------------------------------------------------
블록                태스크    최종    습득    망각
libero_10              0-9    27.5    75.0   -47.5
libero_goal          10-19    59.5    88.0   -28.5
libero_spatial       20-29    63.0    95.0   -32.0
libero_object        30-39    73.0    96.5   -23.5

------------------------------------------------------------------------------
CLARE libero_40 — 블록별 분해 (학습 순서: 10 -> goal -> spatial -> object)
------------------------------------------------------------------------------
블록                태스크    최종    습득    망각
libero_10              0-9    67.0    70.5    -3.5
libero_goal          10-19    87.5    87.5    +0.0
libero_spatial       20-29    78.0    77.5    +0.5
libero_object        30-39    77.5    79.0    -1.5

==============================================================================
ER  libero_10  (55/55칸, 칸당 100 롤아웃, sweep)
ACC 43.5   BWT -32.2   습득 72.5
==============================================================================
LIBERO_10	0	1	2	3	4	5	6	7	8	9
0	73
1	35	78
2	33	69	76
3	24	54	81	92
4	27	65	86	54	68
5	12	43	60	56	49	78
6	24	48	91	42	37	76	58
7	30	86	81	55	43	64	33	73
8	23	66	77	57	38	64	29	43	47
9	12	54	63	51	31	69	21	33	19	82

==============================================================================
ER  libero_goal  (55/55칸, 칸당 100 롤아웃, sweep)
ACC 57.8   BWT -41.0   습득 94.7
==============================================================================
LIBERO_GOAL	0	1	2	3	4	5	6	7	8	9
0	97
1	89	97
2	86	81	97
3	94	80	90	91
4	84	95	88	50	95
5	56	91	82	24	84	96
6	46	81	69	24	89	39	85
7	54	38	54	26	84	22	52	100
8	70	57	56	21	87	21	13	99	95
9	34	59	69	18	84	21	15	100	84	94

==============================================================================
ER  libero_spatial  (55/55칸, 칸당 100 롤아웃, sweep)
ACC 68.4   BWT -27.4   습득 93.1
==============================================================================
LIBERO_SPATIAL	0	1	2	3	4	5	6	7	8	9
0	100
1	82	94
2	65	79	98
3	46	42	87	97
4	43	35	88	76	89
5	75	44	74	85	53	88
6	44	35	71	82	49	42	89
7	45	48	91	77	59	41	69	94
8	93	36	69	74	33	46	47	71	95
9	92	49	75	89	63	42	48	54	85	87

==============================================================================
ER  libero_object  (55/55칸, 칸당 100 롤아웃, sweep)
ACC 80.4   BWT -16.0   습득 94.8
==============================================================================
LIBERO_OBJECT	0	1	2	3	4	5	6	7	8	9
0	100
1	95	97
2	88	85	100
3	89	84	100	92
4	98	83	93	75	89
5	95	77	94	87	73	87
6	96	50	77	67	79	68	96
7	95	40	80	74	89	61	90	98
8	93	51	90	70	84	71	97	89	98
9	92	55	91	49	82	76	98	74	96	91

==============================================================================
ER  libero_40  (820/820칸, 칸당 20 롤아웃, sweep)
ACC 55.8   BWT -33.7   습득 88.6
==============================================================================
LIBERO_40	0	1	2	3	4	5	6	7	8	9	10	11	12	13	14	15	16	17	18	19	20	21	22	23	24	25	26	27	28	29	30	31	32	33	34	35	36	37	38	39
0	60
1	25	80
2	25	65	85
3	15	70	75	90
4	35	80	80	70	75
5	25	40	65	55	55	85
6	10	35	80	45	40	70	70
7	25	95	90	60	40	70	20	65
8	25	60	65	60	25	75	25	45	60
9	0	65	40	60	25	80	20	30	30	80
10	15	65	90	65	25	70	20	35	15	50	100
11	15	55	65	70	30	75	20	25	15	65	95	90
12	25	55	80	55	30	60	20	20	10	45	80	45	65
13	15	70	85	50	40	75	25	25	15	60	80	65	70	90
14	30	45	85	55	25	65	10	15	5	55	90	80	70	60	95
15	20	65	40	30	20	60	45	20	15	60	75	75	85	35	80	95
16	35	55	65	50	25	60	25	15	10	55	80	50	70	15	85	80	80
17	25	45	55	60	25	75	25	20	25	40	85	10	60	35	65	50	75	100
18	25	45	50	70	30	80	5	20	10	55	70	35	80	15	55	75	15	90	95
19	20	40	60	45	30	70	45	5	5	55	80	55	90	25	85	45	15	70	75	70
20	20	30	65	55	35	70	20	15	5	50	80	55	55	45	75	65	50	95	95	65	100
21	10	45	70	65	25	80	20	15	0	35	70	40	55	35	85	40	40	75	65	50	70	90
22	20	45	70	40	25	50	20	10	10	30	95	60	80	50	85	65	45	90	90	40	40	30	100
23	20	45	65	65	15	60	15	20	15	30	70	50	65	30	85	40	55	95	70	35	40	5	90	100
24	15	45	60	45	25	45	0	15	5	30	80	50	75	40	75	40	50	80	80	45	50	10	90	95	100
25	25	60	60	50	10	55	15	20	0	30	95	40	70	55	85	65	45	60	85	40	85	20	70	70	60	95
26	30	65	50	60	5	45	10	10	0	40	95	40	70	45	75	65	35	60	65	25	60	15	50	65	80	65	85
27	15	85	65	65	30	70	15	20	10	35	80	50	85	35	80	25	45	70	70	25	65	30	65	50	50	50	80	95
28	10	65	50	55	15	55	15	15	5	20	85	55	70	45	85	55	55	60	90	40	40	45	85	70	55	45	60	65	95
29	25	50	45	65	20	45	10	20	15	35	85	45	85	50	85	65	60	55	75	40	75	55	75	95	50	45	85	60	75	90
30	20	60	50	45	10	45	10	5	5	35	75	80	80	70	80	75	35	60	80	35	95	45	90	85	70	55	55	40	90	40	95
31	35	35	45	75	15	60	10	15	20	60	80	85	85	80	70	50	40	50	85	25	70	30	65	85	70	80	65	55	60	35	70	95
32	15	50	65	60	20	40	15	10	15	35	80	60	75	75	75	40	50	30	75	25	85	65	60	65	55	65	65	60	50	35	55	85	100
33	10	40	80	50	20	50	5	5	5	15	75	60	65	50	75	50	35	40	80	25	70	50	60	95	50	80	80	75	45	55	65	100	95	95
34	15	70	60	50	20	45	5	15	0	25	90	35	75	60	75	40	40	45	90	25	65	65	40	95	40	55	70	70	40	30	90	75	50	70	95
35	20	65	70	50	20	25	10	25	5	35	80	60	85	65	75	50	45	55	80	25	80	50	65	80	60	60	85	85	40	25	75	85	65	45	100	95
36	25	40	65	35	5	30	10	20	0	50	70	75	75	85	75	55	50	35	85	45	90	60	70	90	70	45	75	65	40	40	75	55	60	60	90	50	95
37	5	40	70	30	5	45	10	15	10	45	55	55	60	70	80	55	55	40	85	30	75	55	75	90	60	70	65	70	50	45	85	50	60	40	95	55	90	100
38	25	35	45	30	10	30	5	30	5	30	90	60	85	55	75	60	45	50	85	35	90	55	70	95	25	50	65	85	40	50	55	35	40	35	80	60	95	65	100
39	15	40	70	40	20	25	10	20	10	25	70	50	85	65	65	40	60	45	85	30	65	85	65	90	65	30	65	75	40	50	75	40	65	55	85	60	90	70	95	95

==============================================================================
CLARE  libero_10  (55/55칸, 칸당 100 롤아웃, trainlog)
ACC 62.5   BWT -1.3   습득 63.7
==============================================================================
LIBERO_10	0	1	2	3	4	5	6	7	8	9
0	57
1	54	70
2	58	65	89
3	58	73	92	82
4	58	73	94	89	46
5	51	73	97	86	47	90
6	54	59	91	89	40	90	58
7	63	71	93	90	45	89	48	52
8	54	74	96	85	38	89	50	54	41
9	56	70	92	80	42	87	49	59	38	52

==============================================================================
CLARE  libero_goal  (55/55칸, 칸당 100 롤아웃, trainlog)
ACC 87.6   BWT +1.0   습득 86.7
==============================================================================
LIBERO_GOAL	0	1	2	3	4	5	6	7	8	9
0	96
1	99	94
2	96	95	92
3	98	96	90	78
4	98	93	90	78	97
5	94	93	86	79	96	91
6	95	94	93	77	97	93	68
7	97	92	92	78	95	92	84	98
8	97	96	90	75	99	96	84	97	87
9	98	93	89	80	95	96	72	99	88	66

==============================================================================
CLARE  libero_spatial  (55/55칸, 칸당 100 롤아웃, trainlog)
ACC 81.0   BWT -1.0   습득 81.9
==============================================================================
LIBERO_SPATIAL	0	1	2	3	4	5	6	7	8	9
0	93
1	87	76
2	94	83	96
3	89	80	93	88
4	92	79	98	88	72
5	88	83	96	92	66	84
6	92	79	96	94	68	72	88
7	94	84	99	88	70	87	80	73
8	89	75	94	91	76	77	86	67	79
9	93	77	96	91	70	85	81	64	83	70

==============================================================================
CLARE  libero_object  (55/55칸, 칸당 100 롤아웃, sweep)
ACC 80.8   BWT +2.4   습득 78.6
==============================================================================
LIBERO_OBJECT	0	1	2	3	4	5	6	7	8	9
0	81
1	86	85
2	89	87	94
3	91	79	94	72
4	91	84	93	78	75
5	80	91	94	69	78	68
6	91	82	99	76	79	70	71
7	90	81	99	70	81	60	71	69
8	90	85	95	78	78	66	71	69	85
9	86	84	94	71	86	71	71	74	85	86

==============================================================================
CLARE  libero_40  (820/820칸, 칸당 20 롤아웃, sweep)
ACC 77.5   BWT -1.2   습득 78.6
==============================================================================
LIBERO_40	0	1	2	3	4	5	6	7	8	9	10	11	12	13	14	15	16	17	18	19	20	21	22	23	24	25	26	27	28	29	30	31	32	33	34	35	36	37	38	39
0	60
1	40	70
2	55	85	100
3	60	60	85	90
4	45	80	95	70	60
5	45	65	95	85	55	90
6	50	75	90	90	35	90	70
7	45	75	85	85	50	90	70	50
8	60	80	90	95	45	90	50	75	55
9	40	85	85	80	55	85	50	60	30	60
10	50	80	100	85	45	95	45	60	25	35	100
11	50	75	95	80	65	90	70	65	35	55	90	100
12	50	85	90	80	60	95	65	70	45	55	100	100	90
13	55	80	85	90	25	95	65	55	45	40	100	90	85	80
14	45	75	90	90	50	90	70	50	35	55	95	100	85	90	100
15	45	85	95	85	50	85	55	70	25	55	100	100	95	90	95	95
16	60	75	90	85	55	90	65	60	35	45	100	100	80	90	100	95	65
17	50	75	90	85	65	90	40	75	40	60	95	95	85	80	100	95	70	100
18	60	65	90	95	45	95	70	45	40	40	100	100	90	80	95	90	60	95	100
19	50	75	100	85	45	90	50	45	40	40	100	95	90	80	100	85	60	95	95	45
20	40	100	95	80	35	90	55	60	35	55	95	90	100	95	95	80	65	85	75	50	90
21	60	80	95	80	65	90	55	60	40	60	100	100	90	100	100	90	100	100	80	70	90	80
22	50	85	90	80	45	90	55	60	25	55	95	100	90	80	100	100	75	95	70	65	85	85	85
23	55	70	100	70	45	90	60	70	50	35	100	100	100	90	100	85	45	95	85	60	100	80	95	95
24	50	80	100	95	25	90	45	50	25	55	100	100	75	85	95	90	50	90	75	55	85	75	95	90	70
25	40	65	95	85	40	95	25	65	20	35	95	95	90	95	95	95	70	95	95	50	95	80	95	100	65	75
26	55	75	90	80	45	95	50	70	30	70	95	95	80	80	95	90	55	100	80	50	85	85	95	90	70	75	90
27	50	75	85	70	40	95	50	55	35	35	100	100	95	90	100	95	70	95	80	70	80	75	90	80	75	90	80	65
28	60	70	80	85	50	90	70	75	40	65	95	100	90	95	100	90	50	100	70	55	85	85	95	85	55	80	90	70	70
29	65	80	100	85	70	90	60	55	65	45	100	100	100	95	95	95	65	100	85	75	90	65	90	85	60	90	85	75	80	55
30	55	80	95	80	35	95	55	55	35	45	95	100	85	90	95	95	50	90	90	55	80	85	85	95	85	90	60	55	80	60	65
31	50	75	95	75	55	95	60	60	50	50	100	95	85	80	95	95	50	90	85	45	95	70	90	100	70	90	90	80	70	65	75	90
32	60	75	100	85	55	90	60	55	55	25	100	100	100	85	100	100	65	100	70	55	90	85	95	100	55	90	65	70	80	65	90	80	100
33	55	80	90	80	50	90	80	60	40	20	95	90	95	100	100	95	75	95	95	70	90	75	100	90	75	70	80	70	65	60	80	80	100	90
34	60	75	95	75	50	95	80	70	40	45	100	100	100	70	95	85	65	100	90	65	90	85	95	100	65	80	90	70	80	55	90	80	95	70	80
35	40	80	90	85	45	95	45	70	35	40	95	90	90	90	100	85	70	100	90	50	100	65	90	75	60	80	80	70	75	85	95	75	100	85	70	65
36	45	80	100	80	75	90	65	65	20	35	90	100	95	95	100	100	60	100	80	60	75	90	95	100	75	70	80	70	90	60	75	85	100	100	70	65	55
37	55	80	100	75	45	85	65	65	30	45	100	95	90	90	90	100	70	90	70	50	95	80	90	90	80	85	80	70	75	60	95	75	90	75	80	70	60	70
38	55	90	95	85	55	80	70	55	30	55	100	100	85	80	100	90	50	100	75	65	85	70	80	90	75	85	85	60	65	55	90	85	100	70	80	70	60	70	75
39	70	60	95	75	65	90	60	65	50	40	95	100	100	95	100	90	60	100	85	50	95	75	90	90	75	75	80	75	65	60	90	80	95	75	75	70	45	65	80	100
